-0.43535265 -0.055661317 0.2997344 0.20033526 0.5021397 0.19099423 0.0503689 0.27657714 -0.5054857 -0.3732323 -0.24497195 -0.19851193 -0.38011146 -0.37992457 0.36224887 -0.063443415 -0.3689625 0.33396703 -0.37825722 0.12897815 0.019487675 0.022691559
-0.40830815 0.25998598 -0.025146931 -0.13794395 0.04617012 0.065538295 -0.06411247 -0.086831234 -0.08903763 -0.035950754 -0.13862064 -0.1550719 -0.29330444 -0.33018717 -0.46455625 -0.621211 -0.14855182 0.13887917 -0.3365187 -0.24912485 -0.2139678 -1.7963526
-0.28572142 -0.82992667 -0.7798883 -0.17363691 -0.93896264 -0.49094853 -1.032611 -0.5889626 -1.0657479 -0.6987061 -0.37497476 -0.49547708 -0.6586105 -0.5270078 -0.71626294 -1.185897 -0.8687201 -1.178836 -0.81070864 -0.6532171 -0.7509609 -1.818378
-0.05683302 0.117835596 -0.6737109 -0.49011448 -0.51471645 -0.30054125 -0.3921418 0.2869538 0.25141153 0.09499621 0.31832382 0.34287244 -0.45664367 -0.44394773 -0.007905019 -0.5230394 0.16915064 0.24099487 0.24179752 0.29813492 0.0721952 -0.4121265
0.15746473 -0.39380348 -0.24790485 -0.33632106 0.27734077 -0.49165002 -0.2702179 -0.19346087 0.061293233 -0.48469135 -0.029701732 -0.7015167 -0.08990765 -0.19393383 0.1396502 0.098665714 0.053743806 -0.30405307 -0.5390782 -0.183416 -0.24834567 -0.8791034
-0.067743376 0.46485713 0.59342873 0.99649066 1.0020335 1.022206 0.41917065 2.2647402 0.6871436 0.45155436 1.8156712 -0.6794188 0.43738776 0.3475382 0.8362701 0.4417086 0.88403815 2.1446424 0.77792484 0.7171563 1.7846537 -4.3764806
-0.22605473 -0.13452883 0.117245816 -0.2607579 -0.41082683 -0.11111964 0.5981547 -0.3173818 -0.31566536 0.037462816 -0.102802835 -0.11730986 0.2421415 0.40835404 0.47358063 -0.04851351 0.3835557 -0.36834228 -0.42355832 0.27992973 0.09688367 -1.8517857
-0.77986604 -0.10592623 0.14780413 -0.5509598 -0.08742264 0.18652947 0.184723 -0.50441015 -0.41340178 -0.29853925 -0.17469542 -0.7053238 -0.31107315 0.09179669 -0.12091218 -0.65893525 -0.43549123 -0.03866019 -0.31692198 -0.47490993 -0.4364152 -1.1768279
-0.3606458 -0.772261 -0.20596533 -0.0741672 -0.9458429 -0.76848376 -0.90063673 -0.41086397 0.016728291 -0.041949168 0.23931925 -0.41069302 -0.32419416 -0.09678368 -0.38303342 -0.5652085 -0.42701063 -0.062032588 -0.037345484 -0.86775494 -0.06977058 -1.2113682
-0.42800868 -0.79476494 -0.57652473 -0.010968691 -0.72124463 -0.1427916 -0.62751096 -0.6367834 -0.28494614 -0.34617656 -0.8073687 -0.5599349 -0.30955806 -0.8514259 -0.16397756 -0.9147943 -0.59929293 -0.5814594 -0.30144498 -0.5562198 -0.8349216 -1.0540172
-0.4783605 -0.3091164 -0.05206623 -0.63156754 -0.020923782 -0.40677968 0.14450975 -0.5189935 -0.50368726 -0.29126152 -0.5188459 -0.799932 0.011110372 -0.3140002 -0.050509308 -0.62740266 -0.045348246 0.038407017 -0.35466644 -0.032952353 -0.30769733 -1.8110374
0.12368978 -0.57524973 -0.73966885 -0.33480263 -0.09108765 -0.4375264 -0.93416995 0.34380352 -0.7912204 -0.31683716 0.08213541 -0.09589196 -0.088925056 -0.77161205 -0.33692503 -0.7870966 -0.599051 -0.017200133 -0.028380688 -0.08026866 -0.2767523 -0.46447572
0.074715234 0.24151096 0.3745161 -0.31771284 0.5593567 0.23517704 -0.12365098 1.1227795 0.23875596 0.4619308 1.2203939 -0.4554423 0.13079232 -0.14450395 0.051185112 -0.32947293 -0.34550858 1.642635 -0.21586128 0.3267991 0.9232266 -1.8874553
-0.5972697 -0.8037213 -0.3558528 -0.44360644 -0.38395503 -0.35710514 -0.07581367 -0.046436477 -0.67039645 -0.3550359 -0.19178672 -0.62072074 -0.52155787 -0.24642567 -0.39741367 -1.0080233 -0.6694496 -0.55851436 -0.8715643 -0.73261833 -0.15251142 -1.431661
0.07681724 -0.4802672 -0.19084468 0.15099104 0.014085962 -0.48523936 -0.015655622 -0.07429952 0.19079551 -0.33520845 0.5094802 0.077545695 -0.19831145 0.22080015 0.077969 -0.9227396 0.21959683 0.6354117 -0.5732407 -0.3428682 0.08645684 -1.3891127