-0.7900474 -13.302898 -9.0236435
-0.3380227 -2.4138505 -1.7763563
-2.9575343 -0.6409533 -6.0219345
-2.4562767 -3.0756872 -5.6597166
-3.7395222 -3.2126594 -7.6672025
-2.683758 1.360185 -3.2125716
-0.07433306 -8.05726 -3.4076736
-6.283237 -7.5772204 -9.890919
-1.7993723 -1.5598917 -3.500943
-1.904096 -1.7465985 -4.395775
-5.0416217 -5.290013 -7.2109365
-0.27568024 -14.948669 -12.199698
-0.99606544 -5.2374644 -2.8333976
-0.6514508 -4.338381 -3.7136366
-2.1885748 -5.528192 -6.7194138
0.71593374 -5.511382 -1.9213444
-1.0006565 0.28753576 -2.1072185
-6.6857576 -6.1277556 -11.749432
-0.5140783 -6.2770386 -3.1382246
-1.6330867 0.23989893 -4.57694
-5.229637 -11.264602 -11.607695
3.0472655 -25.865074 -27.136866