-0.17242043 -0.5982214 -0.45621985 -1.1178347 -1.0593079 -0.6304161 -1.0782707 -1.0137969 -0.8396532 -0.3494333 -0.37137648 -0.9989861
-0.9340168 -0.68219775 -0.057584368 -1.0841942 -0.498101 -0.3549357 -0.90613425 -0.87879896 -0.47827458 -0.8150583 -0.520471 -0.27054298
-0.24529676 -0.060003843 0.06642904 -0.007938041 -0.30407026 -0.5464617 -0.40240213 -0.2314694 0.012493723 -0.24375048 -0.07191779 -0.19020014
-0.7270404 -0.1512017 -0.84631646 -0.3753995 0.039029405 0.012965965 -0.23397642 -0.46003902 0.03689831 -0.8231505 -0.24594031 -0.042803872
-0.050329633 -0.05018988 0.0065740095 -0.13347466 -0.29148465 -0.25026947 -0.8465509 -0.6937493 -0.46959868 -0.6716625 -0.0074267737 -0.6757304
-1.0555851 -0.57508135 -0.69071174 -0.7811844 -0.379492 -0.75625587 -0.8516065 -0.9819119 -0.38618758 -0.76748085 -0.34782958 -0.3688341
-0.12967716 0.03584162 -0.364322 -0.13974419 -0.43940872 0.020395195 -0.03544942 -0.56736046 -0.79208285 -0.46782163 -0.75017476 -0.51728666
-0.54612553 -0.3041155 -0.34807223 -0.55429345 -0.44261482 -0.684991 -0.7264408 -0.9220194 -0.6427971 -0.7354469 -0.8440593 -0.49375919
0.17395614 0.10366683 -0.6645888 -0.66000515 -0.3060725 -0.029808994 -0.2504183 -0.13902181 -0.5282551 -0.64948857 -0.6982814 -0.10619691
0.1333177 -0.34563464 0.15597628 -0.15142608 0.06482791 -0.2697154 0.5448087 0.37119332 0.04346415 -0.054851994 -0.25002515 0.03337957
-1.0191396 -0.7734285 -0.64877385 -0.662017 -0.49837762 -0.43356782 -0.5986197 -1.0572982 -0.43985492 -0.23529345 -0.9853427 -0.6763983
-0.8000387 -0.45430386 -0.79247063 -0.6882127 -0.5515522 -0.74019074 -0.48209295 -0.5839844 -0.8808582 -0.043622058 -0.9137165 -0.08209925
-0.31706378 -0.29163226 -0.4888014 -0.77023834 -0.8121312 -0.27195117 -0.9660492 -1.0363814 -1.0464042 -0.46989828 -0.35892004 -0.5880096
-1.1471514 -0.27309874 -0.9165102 -1.3261775 -0.6127416 -0.58302206 -1.1078126 -1.3578533 -1.219445 -0.7998886 -1.0015656 -0.92583686
-0.5918918 -0.23471798 0.13070287 -0.78689057 -0.134892 -0.03726322 -0.4019928 -0.8446277 -0.06550588 -0.36094716 -0.11267284 -0.5576968
-0.3796382 -0.68965524 -0.7844252 -0.4091014 -0.2731493 -0.13076107 -0.049742978 -0.7198065 -0.30287305 0.0063804826 -0.6589495 -0.18280092
-0.09572275 -0.4281928 -0.7900011 -0.40533096 0.055958718 -0.43385786 0.09617459 -0.4572093 -0.58410263 0.18755943 -0.08878561 -0.50767726
-0.7282593 -0.31037578 -0.05288876 -0.87730676 -0.5019214 -0.95534265 -0.5943981 -0.9179659 -0.56732446 -0.35048762 -0.6829088 -0.79307765
-0.70474166 -0.42733008 -0.56907094 -1.3160417 -0.5949305 -0.79322517 -1.2233402 -0.8570176 -1.3252846 -0.924645 -0.6110122 -0.8550967
-0.19015373 -0.3470027 -0.45098 -1.0592297 -0.9290129 -0.8619769 -1.0674046 -0.773778 -1.017905 -0.38101247 -0.16298474 -0.3528524
-0.028007204 -0.68698317 -0.48301065 -0.46999267 -0.74476516 -0.055619806 -0.29452595 -0.35103163 -0.4812751 -0.22596732 -0.9263704 -0.3644687
-0.33093965 -0.17061262 -0.45678428 -0.48705444 -0.1059317 -0.19699696 -0.11788757 -0.2556354 -0.7410447 -0.22254406 -0.501516 -0.3232196
-0.60206366 -0.791388 -1.2770903 -1.2284411 -0.78490084 -1.2833228 -0.9747187 -0.77183574 -0.51983106 -1.1084446 -0.83349836 -1.0775967
-0.30511552 -0.13963006 -0.6305106 -0.8520968 -0.17798816 -0.8541206 -0.46810848 -0.83920497 -1.0815572 -1.0994304 -0.8138528 -0.9930359
-0.1787326 -0.208299 -0.042331677 -0.37095842 0.12972277 -0.5729532 0.11959143 -0.7056782 -0.7107357 -0.46894187 0.067628324 -0.74619836
-0.83936185 -0.08179485 -0.32485422 -0.3606882 -0.37731716 -0.38890335 -0.92731965 -0.597976 0.010224264 -0.09891564 -0.7794691 -0.109178945
-0.4108628 0.10670975 0.054193195 -0.2413727 -0.5264178 -0.70149785 0.04928837 0.020545524 -0.64555913 0.065063044 -0.58526933 -0.33158004
-0.6269415 -0.54019254 -0.997346 -0.37298855 -0.38749015 -1.0529785 -0.5955256 -0.8874182 -0.32327393 -0.83494085 -0.44125307 -0.11062194
-0.050896067 -0.33341882 -0.397635 -0.46601018 -0.5254467 -0.44552264 -0.53945976 -0.88268286 -0.525528 -0.78570765 -0.09590312 -0.11759881
-0.019393671 -0.7221995 -0.75173587 -0.13533789 -0.09233941 0.09181746 -0.07064978 0.12130323 -0.74317884 0.15439542 -0.7250336 -0.123120815
-0.3432011 0.042671993 -0.4181385 -0.823117 -0.37580022 -0.11924043 -0.5283673 -0.32071638 -0.39301556 -0.30358702 -0.37619036 -0.38255206
-0.23940685 0.19731668 -0.30848163 -0.7035418 -0.5786279 0.07108675 -0.17945032 0.08395787 -0.46485788 -0.009459911 -0.29149672 -0.26045555
0.28680098 -0.10077615 0.02421109 -0.76057976 -0.1345339 -0.59076965 -0.23550518 -0.6101931 0.036700767 -0.6713377 0.023304751 -0.11221425