-0.040531315 0.23386337 0.0030260128 0.52856004 0.0057709725 -0.002134143 0.62610286 0.5549665 0.016768884 -0.066179745 0.76651454 0.38278162 0.61453253 0.19303814 0.15690298 0.24339157 0.13303173 0.11673673 0.5621407 0.6621322 0.7868837 -0.14722629 0.7525844 0.24912463 0.52339965 0.5624027 0.18389553 0.23954599 0.06747845 0.5723842 0.60206157 -0.067765616 0.2261914
0.08336719 0.18548085 0.26846343 0.21382257 0.76344067 0.8464778 0.65410686 0.2687564 0.33263046 0.08299373 0.6795387 0.4524224 0.0024976116 0.3780528 -0.1188413 0.34920323 0.1646283 0.89468265 0.36865756 0.16523126 0.33844858 0.7851961 0.8878907 0.40224195 -0.16675712 0.57462436 -0.16286616 0.17248723 0.77337235 0.7463848 0.18013103 -0.14203192 2.9238703E-4
0.76585466 0.7468116 0.18144438 0.22149748 0.7807796 -0.012177954 0.05773654 0.29488638 -0.119550735 -0.2169708 0.73894376 0.3739783 0.4420308 0.40109184 0.2351822 0.7803354 0.56931937 0.75643015 0.45978275 0.10620707 0.4333923 0.62832177 0.41795278 0.8592821 0.37974867 0.04083522 0.7659269 0.7363879 0.79375535 0.4307403 -0.025108537 0.62321967 0.2972204
0.7746345 0.20534144 -0.15147336 0.42781627 0.385751 0.8498656 0.56629294 0.64689547 0.0074392436 0.1083272 0.72159654 0.04478936 0.10916095 0.77874553 0.48231915 0.08617159 0.65596265 -0.06401138 0.6384199 0.32901782 -0.13792789 -0.1175023 -0.09076876 0.23006676 -0.059899755 0.28280413 0.20919502 0.2120549 0.50736713 -0.12366672 0.50796056 0.18097174 0.13675618
0.43363065 0.32429934 0.56606084 0.6057734 0.24660352 0.6390864 0.3420588 0.08339313 0.43718514 -0.14186847 0.26459092 -0.050079346 0.44519764 0.36125445 0.11795914 0.36931393 0.11478755 0.6353683 0.53382766 0.14222008 0.38309714 0.50442326 0.9101406 0.3873051 0.73764247 -0.034237135 0.6166544 0.6779323 0.35793465 0.3856643 0.74855876 -0.17079994 0.3263854
0.30205318 -0.025135696 0.30060574 0.73157287 0.3976519 0.7935085 -0.12132522 0.31114116 0.28301406 -0.18510446 -0.047262993 0.88841176 0.41387883 0.34053624 0.7047935 0.7367243 -0.039410073 0.046973538 0.8234665 0.654065 0.5014657 0.50347865 0.23668215 0.5338109 0.09773074 0.629682 0.18524262 -0.08590827 0.2191365 0.027546603 -0.12404638 0.047674254 0.16833529
0.38260087 0.19063263 -0.014762858 -0.14408049 0.47369778 0.20140952 0.5101626 -0.011249157 -0.17270376 -0.2641668 0.62120414 0.74392575 0.06441799 0.733336 2.8033502E-4 0.6695527 -0.16461319 0.20159094 0.78998744 0.122891836 0.5980193 -0.1761032 0.061619986 -0.11366298 0.3209597 -0.1626269 -0.13829474 0.4808085 0.22674249 0.5643603 0.23181608 -0.11118911 0.3709452
0.4630588 0.27963582 0.26917216 -0.18358293 -0.094013326 0.5916621 -0.09016047 0.72969276 0.54310197 -0.05168837 0.337343 -0.14145295 0.39773077 0.23555444 0.42038336 0.109555855 0.4044838 0.4128817 0.74481034 0.010837767 0.58274364 -0.14427954 0.47628894 0.21230017 0.103138946 0.735605 -0.13442431 0.3496423 0.08240513 -0.185985 0.34715906 0.16300827 0.32660538
-0.009564824 0.82511914 0.21251772 0.32011628 0.26545405 0.76962084 0.34695017 0.7849618 0.46380934 0.18971927 0.42354468 0.82249105 0.35963094 0.6960117 0.23033595 0.66434443 0.6187264 0.75775605 0.21684207 0.023001887 0.3387503 0.8229899 -0.06554642 0.4248462 -0.16722967 0.48349452 0.09284699 0.7592297 0.12169326 -0.089128755 0.3168224 0.63713264 0.23989181
0.39689875 0.5414365 -0.11053383 0.50997895 0.7274973 0.17578505 0.74636376 0.63908476 0.06818862 0.04026097 0.051844306 0.007237031 0.7124453 0.7584621 0.70174855 0.5805141 0.24305588 0.11245992 0.5817792 0.30431095 0.5319545 0.15193161 0.87143016 0.53202665 -0.013310598 0.37609687 -0.036997758 0.54571474 0.47631618 -0.118838586 0.71115524 0.11552245 0.09843615
-0.05273415 0.4698989 0.5679273 -0.12844954 0.2768429 0.008135047 0.4833326 -0.120134436 0.3586795 -0.035170063 -0.09306168 0.5578676 0.0070338515 0.83034605 0.44775754 -0.10884178 0.048278756 0.22992168 0.80219495 0.7991652 0.016018461 0.8284014 0.61101395 0.38251412 0.22657022 -0.0743247 0.24589425 0.71905214 0.4241884 0.24826854 0.7691379 -0.07789643 0.10930469
-0.122344166 0.79882455 -0.084796436 0.5707142 0.50708985 0.14750753 0.028480591 0.237468 0.44844255 0.16923559 0.5473266 0.57637274 0.63966024 0.30035615 0.106166154 0.0052826186 0.40853727 0.5291328 0.776725 0.6648397 -0.21226549 0.63427055 0.23652111 0.49009386 0.063830055 -0.0575115 0.19301051 0.4011507 -0.14237125 -0.17078415 0.6129382 0.5336675 0.11693644
0.7585149 -0.11036704 -0.16310787 0.52020645 0.16378208 0.6420092 0.09894265 0.3118435 0.3304174 0.4471062 0.6002094 -0.10005853 0.35760793 0.017463777 0.73117805 -0.1409368 0.7232673 0.49374387 0.062266175 -0.13887036 0.54788136 0.69178975 0.677071 0.7058296 0.2554891 0.6357012 0.22696504 -0.15675856 0.10041522 0.43473196 -0.054646134 0.6503078 0.4644263
0.85352504 0.44325948 0.68266994 -0.15970272 -0.13880146 -0.0050987643 0.41247013 -0.0048100865 -0.10973578 0.09647101 0.4336002 0.6662557 0.3741543 0.7527342 0.12905456 0.04572923 0.1893858 0.59283245 0.7904954 0.65327954 -0.037255485 0.009644385 0.06996543 0.3255864 -0.07902254 -0.12215427 0.42205143 0.77210623 0.7592401 -0.14303991 0.37491438 -0.1587127 0.5638215
0.79480004 0.8134703 -0.11558631 0.6969802 0.48728222 0.82953596 -0.026588228 0.12030293 0.1898809 0.037703633 0.56200117 -0.04032801 0.72217035 0.7911268 0.79103744 0.6824416 -0.18145685 0.5673734 0.5502831 0.7922923 0.48057112 -0.15965189 0.6277684 0.07987786 0.4309132 0.35120493 0.41568437 -0.12126983 0.0063567525 0.7695428 0.54973066 0.50691783 -4.1908518E-4
0.8060422 0.82283086 0.1516903 0.23127137 -0.17220494 0.3704965 0.7922078 0.09065229 0.32759702 0.08665763 0.2887923 0.36983886 0.78985894 -0.11949832 -0.17495732 0.20384026 0.09933236 0.7285748 0.062944874 -0.06552407 0.7349876 0.11604847 0.05414619 0.3053692 0.17344508 0.6003064 0.33886936 0.4603798 0.57298464 0.07300062 0.40775287 0.066061676 0.23295091
0.54450715 0.31056103 0.6963536 -0.15812477 0.795531 0.5383607 0.49576786 0.7845779 0.15673536 0.13884081 0.44408795 0.22895402 0.17229468 0.9143723 0.001089189 -0.027232101 0.49043024 0.10645535 0.5381131 0.9203568 0.122212656 -0.08821864 0.81505215 0.83497524 0.53619736 0.6813709 0.1753775 0.4763593 0.68094194 0.59821886 0.18162939 0.6137121 0.06250646
0.66492724 0.24948187 0.46908662 0.61646605 0.02637356 0.16578822 0.007071387 0.7584544 0.17155333 0.09583671 0.6779435 0.7353877 0.30614215 0.18925355 0.3861264 0.58516556 -0.06567486 0.43705198 0.43939173 0.8364514 0.31501064 0.22981474 0.8527561 0.39679185 0.18549839 -0.119891874 0.44199434 0.21691169 0.54493517 0.4326846 -0.053168643 0.65475345 0.35548964
0.4790591 0.4930625 0.23887801 0.12142056 0.05776084 0.66497356 0.15759838 0.28567272 -0.03147003 -0.035502426 0.37120357 0.20117082 0.32806352 0.8150765 0.16712654 -0.14050591 0.12253753 0.44813496 0.29710057 0.12821293 0.3619959 0.7780276 0.6866461 0.14561239 -0.069556944 0.33732095 0.050031155 0.5416392 0.6312643 0.09916904 0.3316513 0.031690404 -0.015674293
0.15467978 0.16096225 0.106339455 0.111171424 0.26559764 0.75319356 0.16515584 0.77477205 0.7817858 -0.15520702 0.51847804 0.16893573 0.45111588 0.8311951 -0.16887896 0.27088588 0.6755361 -0.024529168 0.27305374 0.09850317 0.37225008 -0.1402424 0.8651002 0.7636742 0.623249 0.41716763 0.68275106 0.7310345 0.59944844 -0.10246009 0.61051923 0.14004652 0.06024923