-3.2485988 -7.275714 -5.057167 -4.717169 -5.99853 -6.3338594 -3.9496195 -4.688903 -6.523585 -3.991024
-2.5072317 -6.282264 -4.537661 -3.838556 -4.7259283 -5.4658084 -2.5607097 -3.927626 -5.561917 -2.634053
-4.7027097 -9.788271 -6.801847 -6.612545 -6.7798505 -8.837938 -4.311167 -5.878894 -8.420861 -4.767989
-7.6778703 -16.724445 -12.931629 -10.9256525 -11.826461 -14.175716 -7.9969106 -11.434948 -13.650105 -8.129659
-3.8873446 -8.308715 -5.920449 -4.882715 -5.9677615 -6.9508824 -4.006416 -5.944005 -6.4740567 -3.7198632
-5.4959607 -12.177443 -8.684937 -7.8014765 -8.390305 -9.729541 -5.9410214 -8.421866 -9.546747 -6.5750484
-6.536233 -14.921254 -10.794762 -10.13526 -10.1624775 -12.050172 -7.265737 -9.223894 -12.079344 -8.056676
-5.4347177 -13.23167 -9.854589 -7.974848 -9.514443 -10.586886 -6.5431123 -8.975919 -10.413894 -6.720206
-5.013651 -10.933118 -8.344703 -7.583271 -7.3875856 -9.845972 -6.240393 -7.4017186 -9.509086 -6.042941
-5.8923006 -12.464744 -9.353902 -7.217134 -8.454564 -9.962389 -5.7746177 -8.124095 -9.343534 -6.5110598
-4.0134344 -9.777781 -7.287406 -5.858036 -6.9697604 -8.958768 -4.8160334 -7.2592816 -8.20186 -4.454517
-13.124312 -19.050686 -12.296591 -15.601382 -11.768849 -15.416876 -13.33988 -9.056271 -18.015177 -13.837789
-8.656031 -16.11488 -11.11564 -11.690486 -11.540097 -13.418572 -9.462873 -9.083446 -14.884424 -9.76311
-2.890169 -8.821269 -7.0977726 -5.8647575 -7.6412344 -8.155421 -3.7648509 -5.7236147 -7.5023503 -4.2971597
-2.0778108 -6.5019264 -5.1168942 -3.157599 -5.4920745 -6.1590204 -2.6958108 -4.776528 -4.585633 -2.9149358
-4.925761 -11.281873 -8.820759 -7.532062 -8.66711 -10.151932 -5.0616317 -7.412086 -10.280915 -5.8493056
-3.820666 -7.5928283 -5.03471 -4.7196426 -5.482356 -6.871057 -3.8906534 -4.473949 -6.290026 -3.795052
-7.2110105 -16.049995 -11.891693 -10.054114 -10.614937 -13.488851 -7.6587315 -10.338239 -13.302547 -8.041229
-4.1282077 -10.190778 -7.373552 -6.0285363 -6.971958 -8.779086 -4.0945106 -7.252789 -7.605383 -4.847386
-3.1259909 -7.2943554 -5.598105 -5.1203556 -5.697294 -6.5202985 -3.8666513 -4.6948805 -6.471678 -3.5922625