-0.20562437 0.5273859 0.33051795 1.0681559 0.010164388 -0.4012038 0.54496384 0.597978 0.6970164 -0.27309334 -0.34124026 0.79409224 0.42917567 0.9284462 0.017876584 0.28072664 -0.32138696 0.87995076 -0.37044308 -0.55694085
0.23709644 -0.29821005 -0.004246983 0.9659177 -0.1900829 -0.12900062 -0.11544283 0.048687644 0.2336362 -0.062058907 0.25869647 0.95775795 0.60414314 0.22889975 -0.05242559 0.96295524 0.14218734 0.8044387 -0.18239175 0.21434732
0.11098134 0.4215314 0.41591465 1.0367844 0.1433287 0.61919713 0.3099058 0.3287012 0.13760135 0.7403752 0.30562976 0.8156917 0.64611024 -0.0028390826 -0.17218629 0.15657498 0.24029201 0.40532807 -0.42617238 0.10692615
0.06935868 0.29788035 0.11237892 0.35616985 0.12022951 -0.24434468 0.2940842 0.44982237 -0.0014646644 0.040366728 -0.06819852 0.1100266 1.0382851 0.95524925 -0.4804431 0.6321745 0.37511832 0.95983297 -0.12519912 -0.12012278
0.2567504 -0.12549222 0.36673433 1.2563362 -0.13308965 0.19573773 0.3754941 0.41648796 0.49629715 0.5648507 -0.017442526 0.88111293 0.86179197 0.23621398 -0.39102295 0.8043792 -0.51589984 1.2125843 0.06410686 -0.035463165
0.14751878 0.09067699 0.29748026 0.36693957 0.075760975 0.035104185 0.50483704 -0.37176982 0.8131972 -0.3165743 0.24306288 0.4270561 0.8974867 0.30914855 -0.49977356 0.6366318 -0.12747562 0.9853987 0.072523594 -0.13544475
-0.19421351 -0.06299542 0.55106795 1.0901214 0.52208436 0.064822204 0.5037307 0.6138169 -0.0798426 0.16607083 0.4345377 1.2246635 0.512089 0.7408527 0.042610466 0.30630958 -0.022525286 0.89696896 0.04577786 -0.30550075
0.5324465 -0.14114206 0.67990035 0.7282449 0.17217782 0.8355587 0.66829073 -0.40093186 0.33476916 0.39411288 0.09459936 0.60515857 0.8540209 0.37177175 0.31880254 0.7869433 -0.038252756 0.36273634 0.10881032 0.18178633
-0.2196398 0.1757128 -0.063740976 0.91584045 -0.16136572 0.29934967 -0.05563541 0.15018836 -0.01195815 -0.035391916 0.2352981 1.0042714 0.34747446 0.3758264 -0.24756892 0.7120582 0.38018084 0.69794047 0.2725276 0.004163549
-0.33182174 0.11550283 -0.09386315 1.2650677 0.4221513 -0.14395574 0.1830536 0.04848397 0.8406944 0.5514791 0.35610712 0.71409035 0.37842742 0.032000724 0.17492959 0.2514945 -0.26181874 1.1427981 -0.29217523 -0.4658341
0.19600357 -0.12560536 0.47026733 1.1133194 0.3979593 0.2681521 0.45374548 -0.17458358 0.36837372 0.7471967 -0.19351806 0.5111567 0.90353644 0.8411051 0.32517645 0.6401111 0.38430598 0.90688163 0.1504502 0.1367831
-0.07206271 0.35781932 0.73961043 0.97855955 -0.39141494 0.32539773 -0.29674166 -0.31843936 -0.069188245 0.1907188 0.095753655 0.24484164 0.77799654 0.39950418 0.26178217 1.1612852 0.13517718 0.3422413 0.057837527 -0.059126757
-0.052680567 0.2890035 0.6593212 0.9048701 0.13601898 0.16263463 0.41543776 0.25855452 -0.052237626 0.05769836 -0.31601393 0.4600565 0.48084882 0.6029084 0.18837619 0.7238037 -0.44074452 0.5189365 0.060910806 0.21582477
0.27773213 -0.29697943 0.8416297 0.32881644 -0.12911946 0.30247822 -0.34026393 0.20369692 0.15143514 0.44948044 -0.45279643 0.2508499 1.1136167 0.39494503 -0.5275266 0.49982637 -0.1400323 0.4757845 0.17047068 0.07994504
-0.34402186 -0.05789397 0.6709479 0.7833713 0.025359081 0.7859136 0.55369234 0.41011098 0.45534956 0.026833769 0.1347031 1.0973746 0.44777113 0.5056888 -0.21233918 0.25772604 -0.40326694 0.84053206 0.19853757 -0.19743899