-0.20569794 0.5274097 0.33058164 1.0680817 0.010242391 -0.40114123 0.54494107 0.5979558 0.6971135 -0.27304313 -0.3412764 0.79413533 0.42900676 0.92847854 0.017922016 0.28097358 -0.32130468 0.8798655 -0.37048185 -0.5568007
0.23709585 -0.29820985 -0.004246564 0.9659172 -0.19008227 -0.12900013 -0.11544295 0.048687506 0.23363693 -0.06205851 0.25869617 0.9577583 0.60414183 0.2289 -0.05242518 0.96295685 0.14218785 0.804438 -0.1823921 0.2143483
0.11105359 0.42150396 0.41585836 1.0368613 0.14325094 0.6191312 0.3099246 0.3287271 0.13752355 0.74031866 0.305656 0.81565034 0.6462615 -0.002863146 -0.17223889 0.1563591 0.24022308 0.40539542 -0.42614326 0.1068052
0.06931767 0.29789242 0.11240709 0.3561284 0.12027198 -0.24430998 0.29407495 0.44981027 -0.0014170038 0.040396318 -0.06821601 0.11004782 1.0382022 0.9552667 -0.48041683 0.6322976 0.37515718 0.95979136 -0.12521756 -0.120055266
0.25672033 -0.12548254 0.36675483 1.2563059 -0.133059 0.19576344 0.37548825 0.4164787 0.49633124 0.5648726 -0.01745547 0.881129 0.8617316 0.2362264 -0.39100242 0.8044678 -0.51587236 1.2125537 0.06409303 -0.03541442
0.14750245 0.0906823 0.29749057 0.36692393 0.075777166 0.035117548 0.5048345 -0.37177426 0.8132151 -0.31656286 0.24305588 0.42706445 0.8974554 0.30915523 -0.49976265 0.63667804 -0.1274616 0.98538244 0.07251611 -0.1354196
-0.19417807 -0.063007705 0.55104184 1.0901601 0.5220458 0.06478922 0.5037398 0.6138303 -0.079880886 0.16604203 0.4345504 1.2246437 0.51216245 0.74084 0.042584747 0.3062039 -0.022558806 0.89700127 0.045791592 -0.3055593
0.5325317 -0.14117993 0.6798287 0.7283302 0.17208628 0.8354842 0.6683155 -0.4009046 0.33468422 0.39405 0.09462621 0.6051101 0.85419595 0.37175134 0.31874174 0.7866965 -0.03833259 0.36281243 0.10884187 0.18164594
-0.21959431 0.17569575 -0.063772514 0.9158827 -0.16141108 0.29931313 -0.05562677 0.1502001 -0.012005697 -0.035422914 0.23531611 1.0042477 0.34756154 0.37581086 -0.24759947 0.71193105 0.38014165 0.6979845 0.27254748 0.0040933006
-0.33180818 0.115498126 -0.09387372 1.2650833 0.42213604 -0.14396892 0.18305767 0.048489533 0.8406797 0.55146754 0.35611156 0.71408254 0.37845644 0.031996112 0.17491966 0.25145316 -0.2618321 1.1428097 -0.29217046 -0.46585712
0.19605117 -0.1256248 0.47022843 1.1133676 0.39790797 0.26811045 0.45375946 -0.17456837 0.36832458 0.7471612 -0.19350247 0.51113033 0.90363437 0.84109193 0.32514343 0.6399714 0.3842607 0.90692496 0.15046804 0.1367042
-0.07207048 0.3578224 0.7396162 0.9785524 -0.39140707 0.32540402 -0.29674333 -0.31844133 -0.069180116 0.19072406 0.09575064 0.24484582 0.77798134 0.3995066 0.26178738 1.1613072 0.13518412 0.34223372 0.05783413 -0.059114423
-0.05266644 0.28899783 0.6593077 0.90488476 0.13600327 0.16262212 0.4154431 0.25855908 -0.052254558 0.057688225 -0.31600848 0.46004805 0.4808814 0.60290384 0.188367 0.7237574 -0.44076034 0.5189513 0.060916983 0.21579804
0.27770483 -0.29697037 0.841646 0.3287917 -0.12909323 0.30249938 -0.34026745 0.20369047 0.15146415 0.44949865 -0.45280826 0.25086325 1.1135666 0.39495596 -0.5275087 0.49990088 -0.14001012 0.47575727 0.17045791 0.079985335
-0.3439784 -0.057910103 0.6709124 0.78341967 0.025310589 0.7858725 0.55370575 0.41012782 0.45530212 0.02679833 0.13471778 1.0973495 0.44786498 0.5056748 -0.21237059 0.25759262 -0.40331045 0.84057176 0.19855383 -0.19751406