-3.2485626 -7.2756124 -5.057052 -4.7171516 -5.998424 -6.3337336 -3.9495807 -4.68879 -6.5235715 -3.991003
-2.5072613 -6.2823253 -4.53776 -3.8385258 -4.7260036 -5.465909 -2.5607378 -3.9277244 -5.5618544 -2.6340494
-4.7026043 -9.7881155 -6.8016214 -6.6125855 -6.779703 -8.837725 -4.3110666 -5.878676 -8.420984 -4.7679625
-7.6776743 -16.72416 -12.931215 -10.925725 -11.826087 -14.17522 -7.9967246 -11.434549 -13.650334 -8.129608
-3.887315 -8.308615 -5.9202228 -4.8828497 -5.967618 -6.950688 -4.006391 -5.9437675 -6.4742827 -3.7199237
-5.495743 -12.1770735 -8.684336 -7.8016586 -8.389902 -9.728976 -5.940819 -8.421273 -9.547155 -6.57505
-6.536121 -14.920886 -10.794362 -10.1351795 -10.162111 -12.049743 -7.2656136 -9.223499 -12.079257 -8.0566025
-5.434755 -13.231751 -9.854721 -7.9748073 -9.514577 -10.58705 -6.5431476 -8.976052 -10.41381 -6.720199
-5.013651 -10.933118 -8.344703 -7.5832696 -7.387586 -9.845972 -6.240393 -7.4017205 -9.509085 -6.042941
-5.8921742 -12.464604 -9.35364 -7.2172556 -8.454397 -9.962131 -5.774504 -8.123839 -9.343804 -6.511062
-4.0133486 -9.777542 -7.2870674 -5.858089 -6.9695196 -8.958459 -4.8159475 -7.2589407 -8.20198 -4.4545164
-13.124149 -19.050264 -12.295911 -15.601584 -11.768311 -15.416186 -13.339724 -9.055578 -18.01557 -13.837835
-8.655948 -16.11472 -11.115392 -11.690552 -11.5398655 -13.418276 -9.462795 -9.083199 -14.884575 -9.763111
-2.8901563 -8.821237 -7.097732 -5.864757 -7.6412096 -8.155388 -3.7648377 -5.7235746 -7.5023546 -4.2971554
-2.077759 -6.50177 -5.1166697 -3.1576366 -5.491939 -6.158842 -2.6957583 -4.7763 -4.585714 -2.9149387
-4.925677 -11.281728 -8.8205805 -7.532061 -8.666893 -10.151666 -5.061548 -7.411916 -10.28096 -5.849269
-3.8206086 -7.5927052 -5.0345454 -4.7196565 -5.482185 -6.870847 -3.8905962 -4.473788 -6.2900753 -3.7950358
-7.2109566 -16.049923 -11.891576 -10.054148 -10.614839 -13.488716 -7.6586814 -10.338125 -13.302632 -8.041222
-4.1281786 -10.190696 -7.3734336 -6.028556 -6.971862 -8.778967 -4.094482 -7.25267 -7.605426 -4.8473873
-3.1259348 -7.2942843 -5.597975 -5.1204114 -5.6971445 -6.5201073 -3.8666005 -4.694752 -6.4718013 -3.5922651