0.23712069 0.8621242
0.3658289 0.33068532
-0.13233732 0.04594344
0.1200398 0.34359193
0.62321264 0.8661382
0.2825789 0.56539226
0.36885136 0.45046413
-0.047830492 0.33737355
0.57616156 1.0882022
0.54893947 0.9828716
0.063280694 0.035194922
0.8344577 0.7654378
0.6035791 0.56160784
0.4915689 0.9199829
0.017879687 0.56127375
1.054276 1.0813533
0.16572358 0.011116076
0.5375709 0.70163834
0.6715733 0.9946424
0.4085003 0.33958763
-0.06694963 0.7121289
0.07442449 0.113801666
0.7021166 -0.0925147
0.47096393 0.64047194
0.53238106 1.0708998