-0.40459555 0.52674717 0.37687108 0.51965266 0.38135582 0.0832408 -0.111705415 0.35505566 -0.015418619 -0.14339149 0.084055945 0.39381805 -0.08739238 0.042636007 -0.3477418 -0.3855588 -0.4910426 -0.37706062 0.11383249 -0.08932089
-0.3959154 -0.3573556 -0.31882975 0.34532848 0.5557676 0.2750772 0.47939074 0.28000107 -0.28855422 -0.4172608 0.056388434 0.31195682 -0.009670044 -0.31908178 -0.20632747 0.37663302 -0.57295966 0.53441095 0.49157396 0.20495859
-0.55362046 -0.14448468 0.11439746 -0.51724076 -0.18705523 0.31017235 0.24111605 0.017899614 0.9204554 0.25255084 -0.07055592 0.21912694 0.34667945 0.26753423 0.09695885 0.387695 1.1099827 0.1899306 0.14589989 -0.3227255
-0.2533871 0.5633883 -0.23350038 -0.006002138 0.13080673 0.5548294 -0.2608669 0.45797753 -0.20839283 -0.1772239 0.24274582 0.07171379 -0.13590667 0.19853054 0.16056375 -0.29216146 -0.93552554 -0.01603283 0.50564396 0.54662454
-0.0047324267 -0.14713503 0.20574567 -0.17793088 0.11833034 -0.17492265 0.38737738 -0.24293037 0.6252755 -0.32360095 -0.66982603 -0.08717616 -0.19260207 0.37325415 -0.12299958 0.34851062 1.143094 0.13148649 -0.13419697 -0.039317943
0.3907629 0.34082276 -0.25472367 0.37122932 0.43303275 0.11891671 0.07184267 -0.45520467 0.99040693 0.2501533 -0.3166164 -0.15674964 -0.23530646 0.17553507 0.4179585 0.54419374 0.92599773 0.0022443868 0.17379665 -0.01749647
-0.32556134 -0.3177481 -0.36785975 0.24112633 0.04254829 0.20018055 0.44474682 0.23732594 -0.30399606 0.16412815 0.4742199 0.5777784 0.08954752 0.3087263 0.27725622 -0.40600955 -0.24819654 -0.442664 0.10153242 0.30258825
0.58569 -0.3192127 -0.5123298 -0.2715447 -0.006552058 -0.25280368 0.26879165 -0.1764479 -0.7009323 0.13730085 0.50433034 0.1267371 -0.013404459 0.43791053 -0.35895988 -0.441044 -1.6056985 -0.11660571 -0.16562256 -0.1980638
-0.07468072 0.23900263 0.4074692 0.37990183 0.4729349 0.29126605 -0.33653164 0.07457577 -0.6439832 -0.3433767 -0.27553004 -0.21792378 0.61159116 -0.12072427 0.20170622 -0.49299356 -0.41269445 0.12318177 0.2958894 0.20085947
-0.0908891 0.38307935 -0.317081 0.06312834 -0.035313357 0.034219854 -0.19391333 0.6525392 -0.82913613 0.15621059 0.7173174 0.113960765 0.5082503 -0.33631006 0.038417403 -0.42439634 -0.55318236 0.31727067 0.44023272 0.73239183
-0.074733436 -0.071855344 0.42354256 0.27841797 -0.32053724 0.35701355 0.4505738 0.19390349 0.62897104 -0.17036286 0.239792 -0.31599033 -0.22302704 0.05338943 0.08305339 0.23539126 1.3563216 0.29886338 0.46049416 -0.47556832
0.55306816 0.0397367 0.45170903 -0.24919078 0.58493376 0.2736574 0.20824677 0.53666556 -0.76210207 -0.13617472 -0.11765431 0.04742149 -0.10656414 -0.27153185 -0.32374132 0.15967084 -1.0121615 -0.25395188 0.42152792 0.2320072
0.2548698 -0.09755418 -0.38556567 0.22926311 -0.13998815 0.15851185 -0.2845582 0.64245033 -0.5944138 -0.29561344 0.83370346 -0.16121453 -0.18386173 0.12771685 0.37794703 -0.012141979 -0.36296776 -0.26172736 0.56455046 -0.012771217
0.7279386 -0.20996866 -0.16245641 0.48050886 0.4793007 0.09215038 0.24742486 0.74521565 -1.3985848 -0.15579216 0.7233769 0.59845185 0.21402714 0.13730575 0.19157083 -0.4331435 -1.8545449 -0.052548476 -0.12993379 0.7207977
-0.4829875 -0.4824421 0.10469479 0.00197776 -0.027015628 0.3762918 -0.18092383 -0.062094934 0.6835186 0.10438402 -0.20906709 0.06133964 -0.33358514 -0.20362386 0.2765428 0.6411299 1.3029678 -0.16922353 0.16783735 -0.37119445