0.731909 0.36793107
0.5816618 0.97867596
0.24006605 0.79003996
0.9340525 0.8213598
0.72656435 0.6233351
0.64451414 0.98716664
0.59086984 0.6368402
0.29379725 0.94417554
-0.051407613 0.6781944
0.14798315 0.5775065
-0.12553622 0.5893946
1.1383166 0.88454086
0.7419392 1.3887124
0.7028873 -0.017836139
0.2150828 0.6720302
0.05834214 0.04877509
0.17983603 0.26827276
0.5609368 0.8557434
0.18278633 0.35105538
0.8615791 0.5004974
0.96563786 0.5140138
0.7483742 0.04913013
0.30481374 0.26742816
0.8731941 0.27392614
0.166805 0.6607905