0.03974171 1.1195499 0.1835256 -0.25296164 -0.09491666 1.23356 0.3824877 0.39694667 0.13172299 0.23995885 0.76810473
-0.0017782673 0.30227584 0.039196525 0.4615827 0.5636189 0.22724514 0.11192562 -0.08048122 -0.17083466 -0.07207955 0.4427357
0.87253636 0.7265443 0.26606104 -0.16491295 0.3865468 -0.124876976 0.6669424 0.33196595 0.69551224 0.70027626 0.31229392
0.24693768 0.5323556 0.67215943 0.2491651 0.2689733 0.6043654 0.10460534 -0.13830239 -0.4487926 0.22952366 0.96624863
0.20774075 0.5784146 -0.21389987 -0.30670643 0.07920048 0.6019121 0.19876489 0.32872742 -0.54784346 -0.23822819 0.2803515
0.35505342 0.5037889 0.045679394 0.20335194 0.08692497 0.864167 0.4179468 0.46229696 0.36061174 0.32532942 0.7000267
0.3961771 0.1789138 0.95362616 0.52327454 0.5590516 1.1130165 -0.18614851 -0.09665061 -0.22340861 0.24809983 0.47178304
0.04627632 0.98321325 0.8533769 0.02180978 0.73288715 0.1855848 0.039905615 0.6857169 0.5234917 0.5584497 0.23933227
0.5095243 0.61636555 1.0601559 0.5616348 0.4454813 0.37157708 9.404719E-4 -0.0478075 -0.39247754 0.5473002 0.60456264
0.6657691 0.43986982 0.06397458 0.99412787 0.7804871 0.6382237 -0.47453013 0.3527281 0.2885009 0.7278397 -0.09204012
0.52666634 -0.27518004 0.17872813 0.1915085 -0.41974056 -0.234997 0.2979063 0.9446087 0.40753913 0.8803003 -0.49620062
0.28884307 -0.26120317 0.77583635 0.6882753 0.02122793 0.4787829 -0.34700584 -0.1293332 -0.04783129 -0.0260267 -0.34634656
0.01432493 0.10600947 0.8498006 0.7078888 0.6113689 0.38614753 -0.4224147 -0.30141708 0.43519154 0.59339 0.51832646
0.33321404 0.41937816 -0.47915986 0.22942957 0.31499925 0.6008584 0.14201942 0.9885849 0.40246856 0.4378132 0.08105242
0.4177351 -0.39643472 -0.5581486 0.068509415 0.24037634 0.35896322 0.32855314 0.92688483 0.55481935 -0.06102404 -0.8917103