-0.6215202 -2.0470312 -4.792665
-2.3599117 -3.7295303 -5.4392123
-0.43457383 -3.610932 -4.7028155
-0.2649826 -0.02284509 -3.4822605
-0.697365 -1.8381628 -3.88022
-0.58620644 -3.901106 -5.358112
1.714274 -9.9845085 -9.964542
-0.49530047 1.7234182 -3.1006246
-0.85595405 -0.22399154 -3.5770104
0.28170046 -2.2478275 -4.56981
-0.041518643 0.69567686 -2.6093457
-1.6018811 -5.646065 -6.0349116
-0.6194128 -1.3331343 -4.203346
-0.6885663 -5.4705496 -5.993841
-0.39178014 -2.8483346 -4.346512
-0.609394 -4.7130666 -4.7600827
-0.09631205 -0.57781786 -3.400039
-1.8331232 -4.33529 -5.263825
-0.62931293 -4.7024574 -4.764302
-0.24866425 1.6676286 -3.3834379
-1.1913601 -0.19615601 -3.4310582
-0.8916465 -2.1805117 -4.32611