-0.41439456 0.5844771 0.11402432 0.2884121 -0.20926285 -0.13430123 -0.94670177 -0.026412867 0.38475966 0.28283763 -0.092475705 -0.39204392 0.3892997 -0.6982248 0.32394502 0.1246011 -0.44350874 0.44838125 -0.37688357 0.37425122 -0.45127884 0.1253326
-0.92382455 -0.12571624 -0.93145317 -0.7734141 -0.455783 -0.8369321 -0.4182267 -1.226805 -0.42752936 -1.2515123 -1.266717 -0.40855733 -0.5883577 -0.36106876 -0.71522 -0.6709917 -0.56302154 -0.8341993 -0.5194057 -0.6282207 -0.738444 -1.0138986
-0.17369388 0.34155852 -0.26801658 -0.050740562 -0.13811558 0.25190878 -1.4009886 -0.12481856 -0.22677295 -0.0920069 -0.44184175 0.3451067 0.20659095 0.23170094 0.1867144 0.07038303 -0.19437258 0.2396976 0.39209062 -0.26444376 0.27474487 -0.2271216
-1.1103425 -1.1270987 -0.42833316 -0.82910955 -0.9626012 -0.45692697 -0.8974891 -0.6424682 -0.7267633 -0.58130056 -0.40232062 -1.1161206 -0.7003896 -1.2307289 -1.2071798 -1.2788289 -0.44814745 -0.56793135 -0.5041013 -0.97186106 -0.71615183 -0.5557782
0.22902095 0.88249195 0.26496518 0.65971524 -0.090893745 0.14128493 -1.7626747 0.74254787 0.66716826 -0.207987 0.26784956 -0.18595555 -0.24520923 -0.528766 -0.016856983 0.111929245 0.2767821 0.39348122 0.08682993 0.11554956 0.28711548 0.19607131
-0.37120882 -0.4892308 -0.36776718 -0.4374393 -0.18037257 -1.0545212 -1.4995766 -0.41144207 0.11101002 -0.78965056 -0.12475475 -1.4898417 -0.30827707 -0.631613 -0.51280814 -0.3630334 -0.44629553 -1.1711926 -1.129682 -0.31427595 -0.38628116 -0.00946276
-0.32041875 -1.1814895 -1.0899836 -0.64840573 -0.6256282 -1.3136559 -0.92626345 -0.82845783 -0.71730834 -0.721811 -1.0495028 -1.3542155 -0.7137244 -0.7567622 -0.7140321 -0.68694353 -1.2242242 -1.0894498 -1.1216534 -0.8135196 -1.000029 -0.7604476
-0.30554667 -0.363945 -0.14601527 -0.5380054 0.093121275 -0.029638322 -0.6963226 0.09169015 -0.66027695 -0.21215692 -0.099162884 -0.41087928 0.059145577 -0.7462261 -0.68632853 -0.40518418 0.21340355 -0.1886817 -0.64053875 -0.023469143 -0.16545695 -0.06280513
0.41878748 0.62052697 0.02196233 0.2749761 0.33243084 0.23467776 -2.1038816 0.48360017 0.17202531 0.12576272 0.56690395 -0.09008153 0.61088926 0.0598854 0.07616828 0.23638314 0.51953906 0.2867469 0.11764264 0.634706 0.6320105 0.41316715
-0.5226225 -0.4601572 -0.8902863 -1.0725632 -1.1135294 -0.5813445 -0.25323877 -0.9769237 -0.8395362 -0.86046046 -0.92894447 -0.60654664 -1.0159622 -0.8814441 -0.89756405 -0.79578537 -0.63227004 -0.57374656 -0.8443361 -1.4692621 -1.252321 -0.65758854
-0.45215058 -1.0166678 -0.47421494 -0.3231978 -0.9492036 -0.50581115 -1.4001217 -0.7986659 -0.93326825 -0.3725109 -0.6045916 -0.6883932 -0.4587865 -1.1242507 -0.235765 -0.3280244 -0.007314971 -0.6518347 -0.72037375 -0.61125565 -0.65177894 -0.9825157
0.23125978 -0.56989557 0.07672353 0.05271321 0.32901338 0.30422595 -1.2047511 0.5681614 0.4400578 0.26613116 0.45330203 -0.24751239 -0.28411525 -0.68698835 0.08085612 -0.3403069 -0.081307024 -0.32887578 -0.6891107 0.5380074 -0.16764683 -0.4344197
-1.0350587 -0.8419008 -0.983688 -1.3016411 -1.2348763 -1.1189322 -0.43222126 -0.84072185 -1.2136236 -1.1467036 -1.2081088 -0.7703901 -0.9277343 -1.0239555 -0.7880886 -0.9664013 -1.6015832 -0.97508043 -1.2724887 -1.1465384 -0.8242022 -0.87045974
-0.44824034 -0.043777555 -0.21486837 -0.034375608 -0.20256963 0.36054713 -1.1339219 -0.020483704 0.057662528 -0.22240803 0.18630882 0.17538165 -0.37098607 -0.04335073 0.45552894 0.19278164 -0.21611221 0.48859438 -0.39088506 0.13472228 0.08238691 0.18723147
0.17936577 -0.3036171 -0.14603055 -0.43128678 -0.07803527 -0.39038682 -0.78532636 0.19718763 -0.44773927 -0.18238775 -0.1304032 -0.46447718 -0.14489742 -0.7728499 -0.6629267 0.07483145 -0.3037033 -0.8015653 -0.09726052 -0.44099766 0.05083685 0.001441174