-0.17116222 0.095153965 0.320786 -0.4037659 0.29528522 -0.38833177 -0.4735838 0.1622023 0.15074909 -0.33932653 0.026322912 -0.2951967 0.20515329 0.0069847107 0.21292228 0.22026366 -0.44398582 0.14432931 -0.003718167 0.3389705
-0.7170994 -0.6725149 0.004739523 -0.6694483 -0.36216938 -0.21407497 -0.40789884 0.045158863 -0.38015273 0.18192226 -0.17500749 0.1026507 -0.6269622 -0.17568514 -0.7127463 -0.66656214 -0.39713553 -0.29348966 -0.3694733 -0.70897734
0.31898648 0.34069207 0.041837335 0.019268174 -0.12058574 0.10655439 0.044659078 -0.42553708 0.23223871 -0.6085892 -0.5557106 -0.07233232 0.1538679 0.16176009 -0.3459279 -0.5634354 -0.5344466 -0.28724316 -0.46536356 0.062021937
0.049743652 -1.0824901 0.2466268 -0.47118914 -0.40297973 0.041709602 -0.08385868 0.44134498 0.22588009 -0.06051132 0.08527865 -0.24812132 0.36681223 0.22876805 0.055538744 -0.131239 -0.5787097 0.2982571 -0.029297639 -1.2052819
-0.020189106 0.6548711 0.029109359 0.29854172 0.098350644 0.20570993 0.08366759 -0.56816894 0.32414114 -0.17048562 -0.2700579 -0.00341779 0.35650712 -0.2619556 -0.147899 -0.36581707 -0.83927244 -0.5758283 -0.38331765 0.25766104
-0.4924448 -1.5269841 0.091707826 -0.73221874 0.20220327 0.23334318 0.22410174 -0.23626226 0.051773846 -0.45461273 -0.69663286 -0.10980523 -0.036159158 0.13042235 0.27804512 0.13271171 -1.1359494 0.15353918 -0.3226842 -1.6657282
-0.2700482 -0.13502897 -0.45075628 0.3263554 0.32154006 -0.15330496 -0.061831336 -0.19952282 -0.25516456 0.44139308 -0.4890621 0.29104498 0.009175152 0.2900055 -0.24250072 0.41590822 0.0054511223 -0.35712695 0.21725519 -0.40543205
-0.110524 -0.3093859 0.44835657 -0.4429636 0.43352863 -0.116446614 -0.2755339 -0.2421254 0.22790694 0.261645 -0.2277375 0.40391424 -0.21271905 -0.0044006407 0.2694591 0.1927006 -0.5151895 0.45757875 0.380623 0.109051205
-0.43746313 -0.4029683 -0.28179196 -0.3356835 0.043498755 0.17937708 -0.20570862 -0.26834494 -0.56602293 -0.038097143 -0.1393823 -0.5124823 0.18136907 0.015830874 -0.336205 -0.59561163 -0.9982282 0.041104794 -0.6748685 -0.6650383
0.4093522 -0.6861662 0.049691886 -0.3282033 -0.23500028 0.5625328 0.48296693 0.49153206 0.5401875 0.2984196 0.42317674 0.42301705 0.065101355 -0.15129869 0.12925923 0.49590158 -0.7172362 0.6255968 0.30091012 -0.12818141
0.20641398 -0.042339753 -0.55765826 0.0051515675 -0.229007 -0.04637903 -0.534609 0.1198892 -0.39810959 -0.19897485 -0.26541126 -0.27254605 -0.08401811 0.12731147 0.13691366 -0.2563884 -0.40501866 -0.2901894 -0.37163812 -0.4045322
-0.068769276 0.14023398 -0.23052165 0.12943353 -0.6648917 -0.11594319 0.07099714 -0.5902632 -0.57430923 0.049413204 0.12740326 0.17799383 -0.069875896 -0.21459916 -0.46156946 0.14481014 -0.82735604 -0.38727984 0.18152352 0.08599874
0.45808834 0.6875409 0.09701961 0.33012426 0.03385271 -0.31187332 0.34151128 0.51030844 -0.4659347 -0.1423254 -0.42434657 0.3411662 0.10302204 0.47502086 -0.11135712 -0.0178774 0.15116476 -0.29828694 0.30468145 0.2564905
-0.11423066 -0.57574207 0.36286435 0.16828787 -0.3402672 -0.03101322 -0.02923783 0.12394443 0.35744843 0.498062 0.48890108 -0.21911612 0.50176364 0.31316584 0.60290396 0.24243131 -0.5955543 0.27205127 0.2900228 -0.6087508
0.25652564 0.18221723 0.2877196 0.05935185 0.2429539 -0.6230529 -0.439203 0.15314323 -0.098136246 -0.08505285 0.26359367 0.28927428 0.069162965 -0.21620786 -0.20549178 0.13092196 -0.969424 -0.36871296 -0.21543302 -0.54294187