0.7670792 0.6537273 -3.6519895 -3.1503558 -4.778926 -4.221102 -3.824129 -3.0620036 -3.2078962 -3.4192948
3.8095412 4.0465574 0.05170844 -0.038935695 -3.2117364 -4.083482 0.15717816 0.09407209 0.0103318235 0.14443636
-1.7838261 -2.2211673 -6.7472434 -5.887567 -4.5890136 -4.9918027 -6.32515 -6.710149 -5.963176 -6.735498
2.3333974 2.6852784 -0.058990832 -0.5125732 -3.0101714 -2.792879 -0.68222636 -0.5215097 -0.4476592 -0.26996928
0.8167599 0.111652575 -2.9608045 -3.5656886 -3.7560825 -4.1083326 -3.0118303 -3.499239 -2.8817692 -3.5118828
-0.22783971 -0.49502075 -3.6746204 -3.7977169 -2.881532 -3.3307407 -3.2809045 -3.464731 -3.3830717 -3.1556036
0.6724321 0.028760012 -2.6746259 -2.1063862 -2.25647 -3.1862376 -2.2370577 -1.9406011 -2.162558 -2.1288018
-1.0004096 -0.71152824 -3.5283566 -4.164139 -4.001011 -3.8345544 -4.255907 -3.9819536 -4.2388086 -4.0284324
-0.90873057 -1.0927637 -3.6909347 -4.39096 -2.8936186 -3.0432963 -3.8188186 -4.2732735 -3.4856658 -4.1243873
-1.0482394 -0.53249735 -4.4395304 -4.3325777 -4.477155 -4.041373 -4.573024 -3.8882802 -4.448202 -3.988976
1.5987875 1.0460716 -0.547587 -0.454883 -2.1288242 -1.8234617 -0.915467 -0.83600163 -0.64599067 -1.3402805
-1.679892 -1.1556386 -6.2291512 -6.2559757 -5.0044107 -5.235899 -6.305552 -5.5472145 -5.652115 -6.150578
-2.6227307 -2.08953 -6.980615 -7.160891 -6.4531994 -6.5240536 -7.666325 -7.2436914 -7.3164372 -7.90354
-1.9308894 -2.0697339 -6.0049458 -6.6571283 -5.8629894 -5.133364 -6.5422964 -6.6528816 -6.715522 -6.7952337
-0.57060426 -0.15512705 -3.3929176 -2.85782 -2.7426512 -3.4497721 -3.5844846 -2.8081198 -3.3080792 -3.1735
-1.1917628 -1.077395 -4.3136854 -4.011721 -3.3026316 -3.04606 -4.054946 -3.7957225 -3.8387825 -3.9190998
4.2769103 3.764906 1.5432335 1.6755506 -0.68474317 -0.6626253 2.3238313 2.0964692 2.333628 1.5974675
-1.2349657 -0.96311074 -3.668562 -3.0741072 -2.0253382 -2.1342642 -3.563607 -3.1697726 -3.021811 -3.3162992
0.1638738 0.5988245 -2.4975498 -3.0908592 -3.635424 -3.4144285 -2.4995089 -2.2397544 -2.6653733 -2.9810803
4.594402 4.624039 0.40947035 1.177235 -3.3518813 -2.9355185 0.71078765 0.47203192 0.7763144 0.29263666