-0.46057615 -0.9418337 -0.790824 0.07216027 0.039234176 0.043625556 0.3266963 -0.5721414 0.042294994 -1.0130066 0.14556761 -0.857235 -0.5117462 -0.044778064 -0.077374935 0.4260447 -0.35199413 -0.26622176 -0.4304096 0.45011598
0.08446391 -0.59745294 0.038211893 0.062406715 -0.16794401 0.04525125 -0.11627625 -0.34239736 -0.53355753 -0.4906875 0.2601475 -0.66804904 -0.45714793 -0.1535243 0.16442744 0.5143944 -0.13180345 0.61707026 -0.1580898 -0.2578733
0.2556233 -0.26792014 0.13813254 -0.14307003 0.12262282 -0.45150748 -0.46578538 -0.19168821 0.1767516 0.014763281 -0.2655227 -0.07019548 -0.36830452 -0.11687396 -0.4435142 0.11391172 -0.22818953 -0.25822902 -0.37380272 0.30133694
0.36831045 -0.586099 -0.5092135 -0.21765523 -0.3018099 0.09114317 -0.016837258 -0.27463856 -0.11596077 -0.38656098 0.18731429 -0.49115553 -0.3774759 -0.1725366 -0.3717757 -0.024242908 0.08677592 -0.21766686 -0.19622296 0.007886957
-0.33306572 0.07282098 -0.5904527 0.14492898 -0.5506686 0.083805814 -0.6538745 -0.3693662 -0.2160076 -0.51015115 1.0164641 -0.36897215 -0.28918955 -0.46666977 0.70210195 0.86568624 0.49024868 0.6228979 0.26486525 0.7428811
-0.20186341 -0.54098773 -0.04073782 0.083896056 -0.559104 -0.39734128 -0.63378346 0.30016306 -0.29538533 0.04453398 0.09771072 0.022089113 0.17627893 -0.33520147 -0.017806787 0.06252959 -0.28991848 0.033675652 -0.15837647 0.418418
-0.09446455 -0.011273425 0.009142777 -0.74977076 -0.37204525 -0.49720815 -0.6979676 0.43491897 0.23051894 0.14426509 0.71895903 -0.5029634 0.10470556 0.06736112 0.3470661 -0.05546226 -0.06262461 0.15045457 -0.1768026 0.02975007
0.40507063 0.26150236 0.11629225 -0.46471635 -0.29362363 -0.6223223 -0.60567814 -0.23020323 -0.12981051 -0.06262232 0.5237878 -0.5698719 -0.22058755 0.04788311 0.32038206 0.044464827 0.19349946 -0.13746472 -0.12600927 0.2872098
-0.79710525 0.03639068 -0.59006566 0.008896664 -0.23405166 0.0319611 0.20344521 -0.7834668 -0.3446073 -0.8729887 0.446068 -0.43343705 0.06537935 -0.18943283 0.2733416 0.26323372 -0.2108664 0.61716396 -0.6195959 0.03484323
0.36545965 -0.47927734 0.3305379 -0.087813914 0.116539925 -0.09378412 -0.23206955 -0.20859656 0.3767229 0.025571628 -0.46627688 -0.5603117 0.2281558 -0.58287966 0.19755535 -0.0741984 -0.075677395 -0.56052125 -0.5796192 -0.64193934
0.064164646 0.17967959 -0.15511087 -0.28520095 -0.38306674 -0.19630441 -0.22185355 0.042733308 -0.043261647 -0.55308294 1.3157655 -0.504795 -0.020915382 -0.0030173957 0.5283558 1.3695298 0.08077957 1.0206311 0.28073925 0.5296829
0.4157682 1.2701781 0.8404656 0.06312844 0.460973 -0.5815037 -0.98153293 0.79216635 -0.31663793 -0.26004863 1.8596253 -0.509125 0.1817034 0.13013613 1.3782847 1.5133119 0.7805104 1.5057786 -0.16529475 1.0435375
0.6591501 0.03713362 0.1303164 -0.6578792 -0.13695891 -0.53561306 -0.7980817 0.5760982 -0.090029985 -0.43024227 0.7450693 -0.44069538 0.015314247 -0.12795368 0.20535475 0.25145626 0.36943975 0.8163607 -0.29254782 0.0240472
-0.97897094 -0.41918126 -0.9444529 -0.5539264 -0.5281124 -0.082935594 0.09439611 -0.5086263 -0.3523414 -0.34821904 0.35056275 -0.15487972 0.20773862 -0.047519356 0.37546632 0.3271542 -0.14860225 0.08982731 -0.11183464 0.1502735
0.003410859 -0.1905785 -0.010460742 -0.20393226 -0.13975778 -0.7389112 0.08651527 -0.55122477 -0.3961047 -0.84467787 0.9808302 -0.33785817 0.096687384 0.28680164 0.86271334 0.9991892 -0.28897703 0.8125468 0.29431912 0.051712003