0.45289287 0.3081701 -0.051043674 0.08249827 0.35234472 -0.07822236 0.08298856 0.40446162 0.6017372 0.48050138 0.6833897 -0.09771119 -0.17879814 0.31799284 0.36713162 0.2748062 -0.37702918 0.31578964 0.2752077 0.537758
0.5144364 0.3999995 -0.020989014 0.32071745 -0.10269975 0.45558146 0.2278806 -0.42017162 0.34376824 0.1688659 0.26619312 -0.23848039 0.21542041 0.23789477 -0.16716233 0.51410574 0.18187758 0.043116786 0.54225934 -0.3307061
0.20014001 -0.14333229 0.6273214 0.7986226 0.46193495 -0.775792 -0.0073543284 0.29961368 0.3172613 0.8636062 0.8252459 0.5642847 0.3322792 0.7099851 0.52625394 -0.30635485 -0.7041082 0.8246149 0.20182633 0.25058678
-0.2857348 -0.21655521 0.14281768 -0.26576614 0.3981305 0.66378653 -0.13636634 0.313863 -0.28957453 -0.1286837 -0.21810088 0.06330508 0.28585866 0.48367798 -0.36408246 0.513969 -0.0023624108 -0.06990281 0.4029331 0.09862486
-0.051711563 -0.30775762 0.55802655 0.10129643 -0.04281163 1.0378716 0.5804701 0.41990498 -0.1048375 0.13071807 0.44867313 0.5178765 0.40016645 0.2849337 0.6994549 0.13334385 0.8896912 -0.079438336 0.23680733 0.5320704
0.34678644 0.58616877 -0.003437796 0.31727913 -0.11969817 0.063252784 0.15846637 0.08482634 -0.0051581827 -0.10446778 0.6457977 0.4244337 -0.030552488 0.24707964 -0.10158592 0.36384875 0.5669943 -0.102208115 -0.069448575 -0.02689028
0.097027354 -0.36615825 -0.10467325 0.25525886 0.15977338 0.52937275 -0.084404804 0.1607321 0.75269914 0.38006875 -0.124845594 0.29975888 0.41838625 0.6165351 0.13197303 0.3904987 0.13069874 0.57437223 0.14125305 0.6966837
-0.38657498 -0.61895484 0.18804006 0.54059076 0.364002 0.37164104 0.14534444 0.52325946 0.67439497 0.004531655 -0.10123962 0.30108345 0.43383142 0.63790923 0.32215255 0.85708207 1.0886853 0.2239355 -0.43419957 0.51857257
0.0012254064 -0.26275238 0.65035754 0.7476211 -0.24052256 0.6818892 0.2078276 -0.05896386 -0.12865975 0.64165425 0.57218367 0.15006639 0.2790365 -0.08805919 -0.1264479 0.11601612 0.9412614 0.27018005 0.35748044 0.7728409
-0.1633039 -0.42066005 0.45602262 0.32763636 0.31897792 -0.099224046 -0.32669654 0.6506713 0.74563587 0.9055222 0.46847484 0.31916192 0.66621387 0.6662596 0.683674 0.09689538 -0.17543843 0.6729393 -0.18154287 0.99602205
0.024324512 -0.19620645 0.4566544 -0.2190023 -0.27896088 0.38102233 0.5645251 0.37194884 0.4497662 0.59127074 -0.19365965 0.55978763 -0.027043678 0.27914575 0.11465997 0.7712074 0.6065905 0.58282614 -0.05922261 0.604157